NormaltestResult(statistic=10.811504934228209, pvalue=0.0044906740450004947)
Ttest_indResult(statistic=-2.9979374660922136, pvalue=0.0039975837772352682)