NormaltestResult(statistic=0.021752250850713046, pvalue=0.98918280578553275)
Ttest_indResult(statistic=-2.6694187746412013, pvalue=0.0098391983047057766)