NormaltestResult(statistic=5.2021738818390384, pvalue=0.074192891081950429)
Ttest_indResult(statistic=-3.7938254812889975, pvalue=0.00035630510496720025)