NormaltestResult(statistic=0.37818769743318853, pvalue=0.82770882363875087)
Ttest_indResult(statistic=0.068949969983166201, pvalue=0.94526660945691654)